
********* Square Matrices *********

sqmat0 : [
]
sqmat1 : [
  [ 0 0 0 0 0 ]
  [ 0 0 0 0 0 ]
  [ 0 0 0 0 0 ]
  [ 0 0 0 0 0 ]
  [ 0 0 0 0 0 ]
]
sqmat2 : [
  [ 2 2 2 2 2 ]
  [ 2 2 2 2 2 ]
  [ 2 2 2 2 2 ]
  [ 2 2 2 2 2 ]
  [ 2 2 2 2 2 ]
]
sqmat1 == sqmat2 : false
sqmat1 == sqmat1 : true

********* Mixing Matrix and SquareMatrix *********

mat2 = mat1 + sqmat2;
mat2 : [
  [ 4 4 4 4 4 ]
  [ 4 4 4 4 4 ]
  [ 4 4 4 4 4 ]
  [ 4 4 4 4 4 ]
  [ 4 4 4 4 4 ]
]
sqmat3 = static_cast<SquareMatrix>(mat1);
sqmat3 : [
  [ 2 2 2 2 2 ]
  [ 2 2 2 2 2 ]
  [ 2 2 2 2 2 ]
  [ 2 2 2 2 2 ]
  [ 2 2 2 2 2 ]
]
mat4 = sqmat2 * mat3;
mat4 : [
  [ 20 20 20 20 20 20 20 20 20 20 ]
  [ 20 20 20 20 20 20 20 20 20 20 ]
  [ 20 20 20 20 20 20 20 20 20 20 ]
  [ 20 20 20 20 20 20 20 20 20 20 ]
  [ 20 20 20 20 20 20 20 20 20 20 ]
]

********* Diagonal Matrices *********

dmat0 : [
]
dmat1 : [
  [ 0 0 0 0 0 ]
  [ 0 0 0 0 0 ]
  [ 0 0 0 0 0 ]
  [ 0 0 0 0 0 ]
  [ 0 0 0 0 0 ]
]
dmat2 : [
  [ 2 0 0 0 0 ]
  [ 0 2 0 0 0 ]
  [ 0 0 2 0 0 ]
  [ 0 0 0 2 0 ]
  [ 0 0 0 0 2 ]
]
sqmat2 += dmat2;
sqmat2 : [
  [ 4 2 2 2 2 ]
  [ 2 4 2 2 2 ]
  [ 2 2 4 2 2 ]
  [ 2 2 2 4 2 ]
  [ 2 2 2 2 4 ]
]
sqmat2[1][1] : 4
sqmat2(1, 1) : 4
sqmat2[1][2] : 2
mat4 = sqmat2 * dmat2;
mat4 : [
  [ 8 4 4 4 4 ]
  [ 4 8 4 4 4 ]
  [ 4 4 8 4 4 ]
  [ 4 4 4 8 4 ]
  [ 4 4 4 4 8 ]
]

********* Scalar matrices *********

scmat0 : [
]
scmat1 : [
  [ 0 0 0 0 0 ]
  [ 0 0 0 0 0 ]
  [ 0 0 0 0 0 ]
  [ 0 0 0 0 0 ]
  [ 0 0 0 0 0 ]
]
scmat2 : [
  [ 3 0 0 0 0 ]
  [ 0 3 0 0 0 ]
  [ 0 0 3 0 0 ]
  [ 0 0 0 3 0 ]
  [ 0 0 0 0 3 ]
]
scmat0 = scmat2 + scmat2;
scmat0 : [
  [ 6 0 0 0 0 ]
  [ 0 6 0 0 0 ]
  [ 0 0 6 0 0 ]
  [ 0 0 0 6 0 ]
  [ 0 0 0 0 6 ]
]
scmat0 = scmat2 * scmat2;
scmat0 : [
  [ 9 0 0 0 0 ]
  [ 0 9 0 0 0 ]
  [ 0 0 9 0 0 ]
  [ 0 0 0 9 0 ]
  [ 0 0 0 0 9 ]
]
sqmat0 = scmat0;
sqmat0 : [
  [ 9 0 0 0 0 ]
  [ 0 9 0 0 0 ]
  [ 0 0 9 0 0 ]
  [ 0 0 0 9 0 ]
  [ 0 0 0 0 9 ]
]
dmat0 = scmat0;
dmat0 : [
  [ 9 0 0 0 0 ]
  [ 0 9 0 0 0 ]
  [ 0 0 9 0 0 ]
  [ 0 0 0 9 0 ]
  [ 0 0 0 0 9 ]
]
