
********* Constructors *********

mat0 : [
]
mat1 : [
  [ 1.5 1.5 1.5 1.5 1.5 ]
  [ 1.5 1.5 1.5 1.5 1.5 ]
  [ 1.5 1.5 1.5 1.5 1.5 ]
  [ 1.5 1.5 1.5 1.5 1.5 ]
  [ 1.5 1.5 1.5 1.5 1.5 ]
]
mat1 == mat0 : false

********* Assignments *********

mat0 = mat1;
mat0 : [
  [ 1.5 1.5 1.5 1.5 1.5 ]
  [ 1.5 1.5 1.5 1.5 1.5 ]
  [ 1.5 1.5 1.5 1.5 1.5 ]
  [ 1.5 1.5 1.5 1.5 1.5 ]
  [ 1.5 1.5 1.5 1.5 1.5 ]
]
mat1 == mat0 : true
mat1 += mat1 : [
  [ 3 3 3 3 3 ]
  [ 3 3 3 3 3 ]
  [ 3 3 3 3 3 ]
  [ 3 3 3 3 3 ]
  [ 3 3 3 3 3 ]
]
mat1 -= mat1 : [
  [ 0 0 0 0 0 ]
  [ 0 0 0 0 0 ]
  [ 0 0 0 0 0 ]
  [ 0 0 0 0 0 ]
  [ 0 0 0 0 0 ]
]
mat0 *= mat0 : [
  [ 11.25 11.25 11.25 11.25 11.25 ]
  [ 11.25 11.25 11.25 11.25 11.25 ]
  [ 11.25 11.25 11.25 11.25 11.25 ]
  [ 11.25 11.25 11.25 11.25 11.25 ]
  [ 11.25 11.25 11.25 11.25 11.25 ]
]

********* Arithmetic operations *********

mat0 + mat0 : [
  [ 22.5 22.5 22.5 22.5 22.5 ]
  [ 22.5 22.5 22.5 22.5 22.5 ]
  [ 22.5 22.5 22.5 22.5 22.5 ]
  [ 22.5 22.5 22.5 22.5 22.5 ]
  [ 22.5 22.5 22.5 22.5 22.5 ]
]
mat0 - mat0 : [
  [ 0 0 0 0 0 ]
  [ 0 0 0 0 0 ]
  [ 0 0 0 0 0 ]
  [ 0 0 0 0 0 ]
  [ 0 0 0 0 0 ]
]
mat0 * mat0 : [
  [ 632.812 632.812 632.812 632.812 632.812 ]
  [ 632.812 632.812 632.812 632.812 632.812 ]
  [ 632.812 632.812 632.812 632.812 632.812 ]
  [ 632.812 632.812 632.812 632.812 632.812 ]
  [ 632.812 632.812 632.812 632.812 632.812 ]
]
*** Bad dimensions
mat0 * mat : [
  [ 168.75 168.75 168.75 168.75 168.75 168.75 168.75 168.75 168.75 168.75 ]
  [ 168.75 168.75 168.75 168.75 168.75 168.75 168.75 168.75 168.75 168.75 ]
  [ 168.75 168.75 168.75 168.75 168.75 168.75 168.75 168.75 168.75 168.75 ]
  [ 168.75 168.75 168.75 168.75 168.75 168.75 168.75 168.75 168.75 168.75 ]
  [ 168.75 168.75 168.75 168.75 168.75 168.75 168.75 168.75 168.75 168.75 ]
]
*** Bad dimensions

********* Subscript and transpose *********

mat2 : [
  [ 0 0 0 0 ]
  [ 1 1 1 1 ]
  [ 2 2 2 2 ]
]
mat2.transpose() : [
  [ 0 1 2 ]
  [ 0 1 2 ]
  [ 0 1 2 ]
  [ 0 1 2 ]
]
~mat2 : [
  [ 0 1 2 ]
  [ 0 1 2 ]
  [ 0 1 2 ]
  [ 0 1 2 ]
]
mat2(0, 0) = 2.75;
mat2(0, 0) : 2.75

********* Conversion between Matrices and MVectors *********

mat2.line(1) : [ 1 1 1 1 ]
mat2.transpose().column(1) : [ 1 1 1 1 ]
mat3 : [
  [ 2.5 2.5 2.5 2.5 2.5 ]
]
mat3.transpose() : [
  [ 2.5 ]
  [ 2.5 ]
  [ 2.5 ]
  [ 2.5 ]
  [ 2.5 ]
]
mv = mat3;
mv : [ 2.5 2.5 2.5 2.5 2.5 ]
static_cast<MVector>(mv) : [ 2.5 2.5 2.5 2.5 2.5 ]
